function [pts1, pts2] = GetRealLocation
pts1 =  1e3*[ NaN NaN
    NaN NaN
    NaN NaN
    NaN NaN
    NaN NaN
    NaN NaN
    NaN NaN
    NaN NaN
    NaN NaN
    NaN NaN
    NaN NaN
    NaN NaN
    NaN NaN
    NaN NaN
    NaN NaN
    NaN NaN
    NaN NaN
    NaN NaN
    NaN NaN
    NaN NaN
    NaN NaN
    NaN NaN
    NaN NaN
    NaN NaN
    NaN NaN
    NaN NaN
    NaN NaN
    NaN NaN
    NaN NaN
    NaN NaN
    NaN NaN
    NaN NaN
    NaN NaN
    NaN NaN
    NaN NaN
    NaN NaN
    NaN NaN
    NaN NaN
    NaN NaN
    NaN NaN
    NaN NaN
    NaN NaN
    NaN NaN
    NaN NaN
    NaN NaN
    NaN NaN
    NaN NaN
    NaN NaN
    NaN NaN
    NaN NaN
    NaN NaN
    NaN NaN
    NaN NaN
    NaN NaN
    NaN NaN
    NaN NaN
    NaN NaN
    NaN NaN
    NaN NaN
    NaN NaN
    NaN NaN
    NaN NaN
    NaN NaN
    NaN NaN
    NaN NaN
    NaN NaN
    NaN NaN
    NaN NaN
    NaN NaN
    NaN NaN
    NaN NaN
    NaN NaN
    NaN NaN
    NaN NaN
    NaN NaN
    0.0495 0.3895
    0.0915 0.3895
    0.1335 0.3915
    0.1775 0.3895
    0.2175 0.3875
    0.2615 0.3895
    0.3035 0.3935
    0.3415 0.3875
    0.3795 0.3895
    0.4215 0.3935
    0.4595 0.3915
    0.5015 0.3975
    0.5395 0.3935
    0.5795 0.3915
    0.6175 0.3955
    0.6535 0.3975
    0.6875 0.3935
    0.7255 0.3955
    0.7575 0.3935
    0.7955 0.3935
    0.8275 0.3955
    0.8615 0.3975
    0.8935 0.3955
    0.9275 0.3895
    0.9555 0.3995
    0.9855 0.3955
    1.0135 0.3915
    1.0435 0.3935
    1.0655 0.3975
    1.0855 0.3975
    1.1035 0.4235
    1.1155 0.4415
    1.1275 0.4635
    1.1475 0.4795
    1.1575 0.4895
    1.1635 0.5075
    1.1795 0.5195
    1.1955 0.5355
    1.2055 0.5515
    1.2175 0.5695
    1.2295 0.5815
    1.2375 0.5915
    1.2575 0.6095
    1.2635 0.6235
    1.2775 0.6315
    1.2835 0.6515
    1.2955 0.6575
    1.3055 0.6775
    1.3095 0.6835
    1.3215 0.6895
    1.3295 0.7055
    1.3435 0.7175
    1.3515 0.7195
    1.3615 0.7295
    1.3695 0.7415
    1.3835 0.7475
    1.3895 0.7635
    1.3995 0.7655
    1.4055 0.7775
    1.4115 0.7835
    1.4195 0.7755
    1.4275 0.7935
    1.4335 0.8035
    1.4335 0.8135
    1.4435 0.8135
    1.4495 0.8195
    1.4515 0.8275
    1.4555 0.8375
    1.4555 0.8335
    1.4695 0.8435
    1.4755 0.8435
    1.4775 0.8495
    1.4815 0.8555
    1.4755 0.8635
    1.4855 0.8475
    1.4915 0.8495];
pts2 = 1e3*[   NaN NaN
    NaN NaN
    NaN NaN
    NaN NaN
    NaN NaN
    NaN NaN
    NaN NaN
    NaN NaN
    NaN NaN
    NaN NaN
    NaN NaN
    NaN NaN
    NaN NaN
    NaN NaN
    NaN NaN
    NaN NaN
    NaN NaN
    NaN NaN
    NaN NaN
    NaN NaN
    NaN NaN
    NaN NaN
    NaN NaN
    NaN NaN
    NaN NaN
    NaN NaN
    NaN NaN
    NaN NaN
    NaN NaN
    NaN NaN
    NaN NaN
    NaN NaN
    NaN NaN
    NaN NaN
    NaN NaN
    NaN NaN
    NaN NaN
    NaN NaN
    NaN NaN
    NaN NaN
    NaN NaN
    NaN NaN
    NaN NaN
    NaN NaN
    NaN NaN
    NaN NaN
    NaN NaN
    NaN NaN
    NaN NaN
    NaN NaN
    NaN NaN
    NaN NaN
    NaN NaN
    NaN NaN
    NaN NaN
    NaN NaN
    NaN NaN
    NaN NaN
    NaN NaN
    NaN NaN
    NaN NaN
    NaN NaN
    NaN NaN
    NaN NaN
    NaN NaN
    NaN NaN
    NaN NaN
    NaN NaN
    NaN NaN
    NaN NaN
    NaN NaN
    NaN NaN
    NaN NaN
    NaN NaN
    NaN NaN
    NaN NaN
    NaN NaN
    NaN NaN
    NaN NaN
    NaN NaN
    NaN NaN
    NaN NaN
    NaN NaN
    NaN NaN
    NaN NaN
    NaN NaN
    NaN NaN
    NaN NaN
    NaN NaN
    NaN NaN
    NaN NaN
    NaN NaN
    NaN NaN
    NaN NaN
    1.6035 0.0615
    1.5475 0.0875
    1.5015 0.1115
    1.4475 0.1375
    1.3915 0.1595
    1.3475 0.1875
    1.2895 0.2155
    1.2355 0.2475
    1.1815 0.2655
    1.1275 0.2955
    1.0835 0.3075
    1.0515 0.3095
    0.9995 0.3055
    0.9555 0.3095
    0.9235 0.3115
    0.8875 0.3075
    0.8435 0.3155
    0.8035 0.3175
    0.7695 0.3155
    0.7335 0.3175
    0.6995 0.3155
    0.6635 0.3175
    0.6275 0.3115
    0.5995 0.3135
    0.5655 0.3175
    0.5355 0.3095
    0.5015 0.3075
    0.4775 0.3015
    0.4455 0.3035
    0.4135 0.2975
    0.3915 0.2995
    0.3675 0.2955
    0.3455 0.2915
    0.3195 0.2975
    0.2935 0.3015
    0.2735 0.2995
    0.2495 0.2955
    0.2335 0.2935
    0.2155 0.3035
    0.1895 0.3055
    0.1775 0.3055
    0.1575 0.3055
    0.1315 0.3115
    0.1195 0.3055
    0.1095 0.3115
    0.0875 0.3135
    0.0755 0.3135
    0.0715 0.3255
    0.0615 0.3255
    0.0475 0.3255
    0.0355 0.3195
    0.0275 0.3215
    0.0295 0.3255
    0.0215 0.3215
    0.0155 0.3335
    0.0095 0.3355
    NaN NaN];